DensitySphericalHarmonic
50	#n_radial
4	#l_max
0	#unused
#rho
#radius	l=0,m=0	l=1,m=-1	l=1,m=0	l=1,m=1	l=2,m=-2	l=2,m=-1	l=2,m=0	l=2,m=1	l=2,m=2	l=3,m=-3	l=3,m=-2	l=3,m=-1	l=3,m=0	l=3,m=1	l=3,m=2	l=3,m=3	l=4,m=-4	l=4,m=-3	l=4,m=-2	l=4,m=-1	l=4,m=0	l=4,m=1	l=4,m=2	l=4,m=3	l=4,m=4
0.1000000000000	431129788.770182609558	0	0	0	0	0	7215142.9503010	0	0	0	0	0	0	0	0	0	0	0	0	0	-964466.0231240	0	0	0	0
0.1247088708531	429926496.448078572750	0	0	0	0	0	6042013.3755758	0	0	0	0	0	0	0	0	0	0	0	0	0	-822356.1476025	0	0	0	0
0.1555230246945	427403233.712812244892	0	0	0	0	0	4231361.4909423	0	0	0	0	0	0	0	0	0	0	0	0	0	-785482.2284359	0	0	0	0
0.1939510080132	423937298.672610044479	0	0	0	0	0	2217829.3050603	0	0	0	0	0	0	0	0	0	0	0	0	0	-454610.4424117	0	0	0	0
0.2418741121014	419068919.937860369682	0	0	0	0	0	-422364.3107455	0	0	0	0	0	0	0	0	0	0	0	0	0	-296460.2745304	0	0	0	0
0.3016384740876	412444358.932849109173	0	0	0	0	0	-3975306.285111	0	0	0	0	0	0	0	0	0	0	0	0	0	-17481.50998173	0	0	0	0
0.3761699350932	402822531.336703896523	0	0	0	0	0	-8856810.225471	0	0	0	0	0	0	0	0	0	0	0	0	0	400361.22821279	0	0	0	0
0.4691172785435	389058299.123847246170	0	0	0	0	0	-15001719.61793	0	0	0	0	0	0	0	0	0	0	0	0	0	1110399.3768222	0	0	0	0
0.5850308610484	369118442.910151720047	0	0	0	0	0	-22292676.92814	0	0	0	0	0	0	0	0	0	0	0	0	0	2535377.4973175	0	0	0	0
0.7295853809557	341202875.935598134995	0	0	0	0	0	-29365516.45327	0	0	0	0	0	0	0	0	0	0	0	0	0	5404172.0366663	0	0	0	0
0.9098576904991	305153152.121589660645	0	0	0	0	0	-35219620.26738	0	0	0	0	0	0	0	0	0	0	0	0	0	7809109.1028140	0	0	0	0
1.1346732521915	259549212.046562194824	0	0	0	0	0	-37471251.45766	0	0	0	0	0	0	0	0	0	0	0	0	0	10683323.985222	0	0	0	0
1.4150382006801	207432333.075481504202	0	0	0	0	0	-34160967.85389	0	0	0	0	0	0	0	0	0	0	0	0	0	11327576.888760	0	0	0	0
1.7646781622082	155523724.542253047228	0	0	0	0	0	-26711083.15315	0	0	0	0	0	0	0	0	0	0	0	0	0	9223731.6701626	0	0	0	0
2.2007102102810	110574628.804834648967	0	0	0	0	0	-18215252.65561	0	0	0	0	0	0	0	0	0	0	0	0	0	6039217.7280203	0	0	0	0
2.7444808539903	76055386.9058228135109	0	0	0	0	0	-11328725.14571	0	0	0	0	0	0	0	0	0	0	0	0	0	3484299.3320276	0	0	0	0
3.4226110837907	51585894.8399305194616	0	0	0	0	0	-6910004.464243	0	0	0	0	0	0	0	0	0	0	0	0	0	2125349.7598485	0	0	0	0
4.2682996362884	34799803.4843409955502	0	0	0	0	0	-4236259.553544	0	0	0	0	0	0	0	0	0	0	0	0	0	1374458.9227752	0	0	0	0
5.3229482810421	23286120.3786443285644	0	0	0	0	0	-2577614.061600	0	0	0	0	0	0	0	0	0	0	0	0	0	887797.18923339	0	0	0	0
6.6381886973820	15435756.4143574759364	0	0	0	0	0	-1548758.599413	0	0	0	0	0	0	0	0	0	0	0	0	0	544048.06855056	0	0	0	0
8.2784101696031	10122270.3529317360371	0	0	0	0	0	-917824.8648031	0	0	0	0	0	0	0	0	0	0	0	0	0	321460.70699547	0	0	0	0
10.323911847100	6560017.66107734851539	0	0	0	0	0	-533631.1228561	0	0	0	0	0	0	0	0	0	0	0	0	0	175791.52826011	0	0	0	0
12.874833892388	4197322.12964494246989	0	0	0	0	0	-302858.2817546	0	0	0	0	0	0	0	0	0	0	0	0	0	88974.815630155	0	0	0	0
16.056059971409	2647971.79131177114323	0	0	0	0	0	-170856.8528287	0	0	0	0	0	0	0	0	0	0	0	0	0	42909.053365995	0	0	0	0
20.023331093840	1654579.20553583209403	0	0	0	0	0	-95689.74922622	0	0	0	0	0	0	0	0	0	0	0	0	0	8534.1665879039	0	0	0	0
24.970870114305	1008721.22970331925899	0	0	0	0	0	-51876.65069418	0	0	0	0	0	0	0	0	0	0	0	0	0	3780.4437959514	0	0	0	0
31.140890161743	604413.696549471234903	0	0	0	0	0	-28853.05656768	0	0	0	0	0	0	0	0	0	0	0	0	0	1104.6668200157	0	0	0	0
38.835452494314	354743.980017819558270	0	0	0	0	0	-16555.38766069	0	0	0	0	0	0	0	0	0	0	0	0	0	359.97000361153	0	0	0	0
48.431254296350	202960.512204096623464	0	0	0	0	0	-9463.100865114	0	0	0	0	0	0	0	0	0	0	0	0	0	147.37573371041	0	0	0	0
60.398070372970	112740.281412103679031	0	0	0	0	0	-5073.240906037	0	0	0	0	0	0	0	0	0	0	0	0	0	-51.23722649747	0	0	0	0
75.321751579191	60631.3321887684214744	0	0	0	0	0	-2784.953903648	0	0	0	0	0	0	0	0	0	0	0	0	0	3.2891505128394	0	0	0	0
93.932905901184	31443.9056455211321008	0	0	0	0	0	-1499.866384294	0	0	0	0	0	0	0	0	0	0	0	0	0	3.3400022953318	0	0	0	0
117.14266630887	15642.4867320783141622	0	0	0	0	0	-786.6146332784	0	0	0	0	0	0	0	0	0	0	0	0	0	8.2565339754319	0	0	0	0
146.08729644100	7433.02243007399374619	0	0	0	0	0	-398.3317573913	0	0	0	0	0	0	0	0	0	0	0	0	0	8.7183466613484	0	0	0	0
182.18381785139	3354.55734401585323212	0	0	0	0	0	-193.1222651065	0	0	0	0	0	0	0	0	0	0	0	0	0	5.4036088211804	0	0	0	0
227.19938211954	1428.77492064978650887	0	0	0	0	0	-88.77681717700	0	0	0	0	0	0	0	0	0	0	0	0	0	3.2616441173769	0	0	0	0
283.33778402649	569.853520502643505097	0	0	0	0	0	-38.95458261958	0	0	0	0	0	0	0	0	0	0	0	0	0	1.8127413868457	0	0	0	0
353.34735115963	210.669848470186707345	0	0	0	0	0	-16.00362890796	0	0	0	0	0	0	0	0	0	0	0	0	0	0.8707178361077	0	0	0	0
440.65549182050	71.2949672445365507656	0	0	0	0	0	-6.167795755673	0	0	0	0	0	0	0	0	0	0	0	0	0	0.4074126969567	0	0	0	0
549.53648820151	21.7364980372318612467	0	0	0	0	0	-2.160100242945	0	0	0	0	0	0	0	0	0	0	0	0	0	0.1718192493511	0	0	0	0
685.32074936188	5.85128836378092831438	0	0	0	0	0	-0.662335996816	0	0	0	0	0	0	0	0	0	0	0	0	0	0.0596924883636	0	0	0	0
854.65576825118	1.35422937296576084698	0	0	0	0	0	-0.174450565779	0	0	0	0	0	0	0	0	0	0	0	0	0	0.0174040111161	0	0	0	0
1065.8315582669	0.26040063732769452853	0	0	0	0	0	-0.038389327896	0	0	0	0	0	0	0	0	0	0	0	0	0	0.0044326068220	0	0	0	0
1329.1865015107	0.03986367841600685358	0	0	0	0	0	-0.006764980227	0	0	0	0	0	0	0	0	0	0	0	0	0	9.0179771359e-4	0	0	0	0
1657.6134775657	0.00460860117607131328	0	0	0	0	0	-9.113153920e-4	0	0	0	0	0	0	0	0	0	0	0	0	0	1.4323440987e-4	0	0	0	0
2067.1910509810	3.76404316642974957e-4	0	0	0	0	0	-8.799178460e-5	0	0	0	0	0	0	0	0	0	0	0	0	0	1.6261451626e-5	0	0	0	0
2577.9706180547	2.00215338763065454e-5	0	0	0	0	0	-5.568914984e-6	0	0	0	0	0	0	0	0	0	0	0	0	0	1.2186918580e-6	0	0	0	0
3214.9580487006	6.27044694034821770e-7	0	0	0	0	0	-2.089793615e-7	0	0	0	0	0	0	0	0	0	0	0	0	0	5.4444289562e-8	0	0	0	0
4009.3378809354	1.02053779258249500e-8	0	0	0	0	0	-4.082469481e-9	0	0	0	0	0	0	0	0	0	0	0	0	0	1.2679486235e-9	0	0	0	0
5000.0000000000	7.3625633794184804e-11	0	0	0	0	0	-3.53819164e-11	0	0	0	0	0	0	0	0	0	0	0	0	0	1.310349581e-11	0	0	0	0
