DensityAzimuthalHarmonic
20	#size_R
16	#size_z
0	#m_max
#rho
0	#m
#R(row)\z(col)	0.0000000000000	0.0500000000000	0.1160597982539	0.2033377371608	0.3186489978848	0.4709977702815	0.6722803536564	0.9382140906519	1.2895646709483	1.7537676399636	2.3670707296036	3.1773642970058	4.2479208887859	5.6623359382330	7.5310553945077	10.000000000000
0.0000000000000	41445616.892628	117545497.48124	84116849.125087	49262009.026429	26056804.874107	13057294.058628	6382678.0984581	3137328.1726037	1523335.9466869	663236.35644019	251697.54112068	102828.06951573	43708.283898706	17840.058600305	7151.7126194488	2795.0989404741
0.1000000000000	1760022774.8067	1762197511.1113	1491300736.7326	1178144858.6656	774845698.76068	508429300.73383	232905443.39060	77659461.968785	17437030.063048	2782631.8108360	396463.25468389	117541.88197826	44036.424365123	17874.382403430	7322.1958188688	2942.3062769802
0.2258078383172	1725794922.1118	1675482507.4288	1484958936.7106	1219162345.1283	905533307.33280	551483617.72399	255676907.43441	83295864.457761	18453252.835651	2859302.3730620	405461.98149514	118967.06494141	44153.410206682	17986.988126550	7427.3959090243	3018.5741683413
0.3840839601375	1824712449.6873	1755995821.5107	1549749101.6939	1276527037.8418	955924964.90650	589368963.39521	272029773.79096	87927585.654738	19329094.305631	2966643.7232511	429606.48032463	121219.72483562	44292.949156074	18011.897305578	7465.7412156436	3058.7979008187
0.5832077275719	1992566500.6264	1903456370.6165	1657899180.5774	1352214151.7304	1008617332.2861	622080672.63073	286700285.49714	92526015.573424	20387813.996026	3162702.7745126	472502.02600445	124679.95361721	44388.620508725	18005.759049822	7480.4764177859	3076.8180666612
0.8337210349569	2137355318.0420	2029452510.4100	1737422867.5533	1394223689.2176	1032944499.7229	638186961.40162	296051499.54950	96739462.465194	21786349.165262	3518811.9050460	541975.71734588	129879.28870497	44470.978513448	17953.774321426	7472.4587527275	3083.0135845823
1.1488864116747	2117333755.1722	1992103164.7447	1664561673.7295	1311541816.8009	967778474.27443	606663812.50813	289765168.54968	98827318.758271	23567631.754130	4097293.5861918	645548.58490179	137471.23349136	44492.386131298	17839.070581730	7442.8356584879	3082.4339609177
1.5453891592475	1731979251.2631	1614863944.3528	1310642494.3946	1007572356.1425	744688012.26163	485824600.31692	249124571.54257	93269374.789231	24824217.052041	4812661.8674117	779496.88605864	147713.04639988	44345.462697135	17615.624150663	7379.1752508441	3068.9358490486
2.0442206948369	1050881019.3890	977528786.07340	776152507.38759	574905373.64768	421495434.69357	290155502.79037	166594315.86285	72542351.624002	22866738.394644	5191874.9297726	906837.73450963	159447.20342030	43803.254667816	17219.978304141	7262.2872696925	3040.3596885424
2.6717898666063	518529556.55493	484349398.58492	382147980.38749	270348947.82273	189364743.65243	131931722.98855	84042034.035307	43182358.062518	16575435.406306	4675406.0995429	956665.94200544	168794.92069966	42467.038308516	16528.153324830	7060.5932780711	2983.6891899276
3.4613210755543	275010906.42126	258676673.28368	206594949.88073	142627116.81983	94403999.909461	62532687.025624	40996034.717324	23529611.789799	10622414.700241	3607369.1892811	888649.26338056	168655.90813103	39777.649406782	15372.624832691	6726.1499856207	2886.5171981795
4.4546132223710	165907468.06436	157281807.28921	128364713.68998	89368562.093191	57636058.424591	36291541.745805	22920508.448011	13804332.769875	6863575.4658892	2609468.2547941	733428.69869059	153378.07922213	35116.770308234	13596.000595492	6196.0880479820	2732.7079134933
5.7042526004552	97940278.070337	93566099.957565	78346181.085075	56076015.711993	36185376.745019	22166246.541188	13122596.137349	7780313.6469086	4148599.6820010	1726672.1610160	534111.46059147	123160.29361418	28396.306040625	11130.969963912	5407.7627045917	2501.4381233566
7.2763968887829	52435068.258557	50468987.046141	43417765.297110	32316034.456005	21320629.325595	13052819.580219	7357448.5408208	3995782.8714942	2150896.2341505	978890.99784649	333053.99316757	84781.341289022	20490.322562522	8234.5156199312	4356.7910885954	2174.9558409602
9.2542776331547	25196635.223732	24422595.150893	21594963.388075	16784194.074162	11526414.791776	7217314.3667051	4071450.0172995	1999225.4960270	944650.17017560	440529.45342148	165863.35999810	47252.508935846	12729.495333323	5401.0724631534	3154.8928115179	1738.3585691015
11.742606642140	10756213.458479	10499182.679808	9516551.8122397	7776212.1864958	5654904.3252843	3717505.4402740	2210402.2204175	1099792.9770036	433155.27492815	159056.76282825	59129.251398652	18415.475402141	6059.6947096998	3089.5438718066	2020.4410456946	1239.9641224024
14.873119578563	4112174.6116774	4038227.6114712	3754876.7647252	3227369.9109059	2519561.5702484	1778833.6945342	1145902.8536139	647844.40242435	280224.03496165	83852.636653659	21457.837854068	6302.0572518442	2346.7240868675	1519.1713800560	1138.8860784946	784.16137258490
18.811550232116	1351358.6899924	1334659.4469573	1270144.7514935	1143100.1140677	958119.62240073	735146.72274454	515260.93400343	329795.69041394	177743.45601175	67142.259830871	15199.011787065	2823.2071962520	1016.3382563415	699.19410873643	577.36625995358	443.58487404620
23.766404700972	372269.82452436	369465.16154117	358289.91323615	335309.37969499	298439.73075638	247822.14936043	188936.35774634	132451.99752293	84141.824929705	42861.951919520	14009.096130961	2457.2963578502	473.14613733201	310.62663794184	270.93075267749	227.09026379731
30.000000000000	84495.088656666	84145.669513019	82723.743759863	79625.918545374	74173.516440625	65745.540427201	54245.054260266	41174.433032101	28898.164491002	18062.360323246	8543.3072997006	2408.2958181918	375.66493751640	135.17523275363	119.58749682847	106.69471512551
