CylSpline
30	#size_R
30	#size_z
0	#m_max
#Phi
0	#m
#R(row)\z(col)	0.0000000000000	0.0400000000000	0.0851278715323	0.1360409912583	0.1934810094158	0.2582846534215	0.3313959164594	0.4138798086078	0.5069378708168	0.6119256777272	0.7303725842950	0.8640040038699	1.0147665422512	1.1848563538502	1.3767511330200	1.5932462065726	1.8374952532390	2.1130562432354	2.4239432671322	2.7746850090193	3.1703907157418	3.6168246231813	4.1204899237463	4.6887234982259	5.3298027919625	6.0530663922069	6.8690500631027	7.7896402199191	8.8282470781872	10.000000000000
0.0000000000000	-96695.06773884	-96631.71093153	-96407.57756939	-95972.91235944	-95282.82503373	-94289.30032888	-92950.50124507	-91236.50357300	-89121.64026436	-86594.52691703	-83678.65318568	-80425.68048347	-76895.26232768	-73151.48047325	-69262.25913848	-65292.74961269	-61299.55877193	-57330.53440455	-53427.35480460	-49624.69243458	-45949.85250006	-42423.36764120	-39060.01224534	-35869.58535240	-32857.56337431	-30025.91093705	-27374.03671116	-24899.38701432	-22597.98104403	-20464.72392450
0.1000000000000	-96769.05704204	-96703.84423359	-96474.11521086	-96031.83770988	-95332.98399750	-94328.90208437	-92978.00903664	-91251.57247308	-89124.01425256	-86585.12698924	-83660.44374598	-80401.97308710	-76868.91552493	-73124.90432214	-69237.49622587	-65270.71470698	-61280.54693119	-57314.59097976	-53414.31952233	-49614.22431977	-45941.57222257	-42416.90576265	-39055.03248373	-35865.78513675	-32854.68356741	-30023.74345832	-27372.41478857	-24898.17877989	-22597.08492079	-20464.06131309
0.2164784961854	-96700.79039145	-96635.05281742	-96406.57938421	-95967.93157691	-95271.81106530	-94269.79751653	-92917.01944438	-91178.14386295	-89033.12317468	-86482.63373544	-83552.64254223	-80291.30636247	-76759.02637298	-73021.38630719	-69144.16933958	-65188.68052803	-61210.18826544	-57255.77327253	-53366.31732200	-49575.71490688	-45911.08857283	-42393.10365291	-39036.68867644	-35851.78743339	-32844.07766195	-30015.75672750	-27366.43645507	-24893.72645738	-22593.78233844	-20461.62002165
0.3521508969217	-96486.52526196	-96420.09384864	-96190.44361602	-95750.79499922	-95053.19893992	-94049.05376475	-92691.93254155	-90944.74982876	-88789.32378844	-86231.75202210	-83300.37691675	-80043.55795769	-76522.22612054	-72802.16342413	-68947.40955795	-65016.71841216	-61063.31328944	-57133.21319297	-53266.17172839	-49495.29147846	-45847.46941304	-42343.44791126	-38998.39600868	-35822.54361864	-32821.91180504	-29999.06748107	-27353.94060157	-24884.41587400	-22586.87419219	-20456.51420381
0.5101800690379	-96073.01892531	-96004.43491676	-95768.04856809	-95318.02378052	-94608.20165573	-93591.38562579	-92222.76940200	-90467.29770815	-88307.75288670	-85750.90204471	-82827.84079633	-79589.24839566	-76095.97163671	-72412.03256111	-68599.22371152	-64713.43694935	-60805.24075963	-56918.14204478	-53090.36944045	-49354.05255597	-45735.71133614	-42256.18945407	-38931.05060829	-35771.06859062	-32782.87795662	-29969.66082554	-27331.91342987	-24867.99748854	-22574.68801240	-20447.50441453
0.6942500722533	-95207.63992416	-95137.10328877	-94894.96976214	-94436.64973221	-93718.15089225	-92695.11394364	-91325.16648259	-89574.88779597	-87429.30175112	-84897.49744083	-82011.48280685	-78821.66362973	-75387.87715856	-71772.20858511	-68033.22986286	-64223.17760328	-60389.17786199	-56571.87344313	-52807.38300807	-49126.60040869	-45555.58074958	-42115.41338096	-38822.27985035	-35687.83516402	-32719.69502819	-29922.02438757	-27296.20219927	-24841.36040901	-22554.90688263	-20432.87318309
0.9086520439270	-93593.85376929	-93522.21317096	-93277.29132651	-92816.60998289	-92100.42878660	-91088.41121487	-89742.13039063	-88031.05599451	-85941.61875050	-83482.43531155	-80684.60261769	-77596.61132984	-74275.26034679	-70778.84629514	-67161.93772239	-63472.68073983	-59754.32501588	-56044.22433978	-52376.14807565	-48779.67917563	-45280.47026872	-41900.05002549	-38655.57762193	-35560.04641479	-32622.52931747	-29848.66622219	-27241.14600771	-24800.25035610	-22524.35139839	-20410.26054954
1.1583842363245	-90783.10130648	-90713.33317835	-90475.54175939	-90031.76486632	-89347.63760726	-88388.28151092	-87119.42748532	-85513.13678896	-83555.54035268	-81252.29716245	-78629.19699942	-75728.84513370	-72601.96849147	-69301.32229041	-65876.49743346	-62371.47441867	-58825.35842432	-55272.79015226	-51745.29490786	-48271.31501135	-44876.43190786	-41582.92694507	-38409.44526806	-35370.87479056	-32478.35796187	-29739.58279220	-27159.12323713	-24738.91148086	-22478.70182146	-20376.43481057
1.4492685385200	-86374.07009183	-86310.86903679	-86096.50321847	-85698.77132444	-85090.31520392	-84242.36880243	-83125.61521359	-81714.07164389	-79991.33761616	-77955.89352461	-75623.43741665	-73025.39293537	-70202.26579326	-67198.48371371	-64057.40979546	-60818.14454613	-57516.90545514	-54185.70039363	-50854.57326304	-47551.39340560	-44302.13647703	-41130.37099085	-38056.77928094	-35098.77714140	-32270.25665066	-29581.63897176	-27040.04310802	-24649.65783040	-22412.15366511	-20327.05284786
1.7880861993569	-80289.56581614	-80238.28452582	-80064.14898898	-79741.77343694	-79250.16047500	-78567.29373694	-77669.32482593	-76532.43615539	-75137.38408471	-73473.68430181	-71543.82687872	-69363.32949714	-66957.86351012	-64359.51402624	-61602.62761761	-58721.00036218	-55746.82695827	-52710.24587383	-49640.32139566	-46564.80934658	-43510.56581920	-40502.86371534	-37564.90805454	-34717.17149202	-31976.94266165	-29358.03256473	-26870.80948881	-24522.40689273	-22317.01816288	-20256.29927785
2.1827359155104	-73027.65983510	-72990.32467972	-72863.26288125	-72627.40643157	-72267.03816588	-71766.26489593	-71106.84010782	-70268.61769691	-69231.86791408	-67980.20750476	-66504.33574232	-64803.78082280	-62887.42065757	-60771.71217312	-58478.61783529	-56033.01841235	-53461.33269204	-50790.23589364	-48047.04760211	-45259.04783700	-42453.65638327	-39657.73444320	-36896.93913769	-34194.94531738	-31572.72604955	-29047.97872403	-26634.90530217	-24344.21671265	-22183.29398238	-20156.53981453
2.6424179700862	-65493.12499472	-65467.25972416	-65379.46743827	-65215.91737711	-64965.38696181	-64616.73305024	-64157.09312386	-63571.17515060	-62842.19117048	-61953.37237059	-60889.85757901	-59640.90043267	-58201.96866953	-56574.83520977	-54767.24242589	-52792.06636889	-50666.19336743	-48409.54328190	-46044.74112570	-43596.43817701	-41090.75320234	-38554.64413512	-36015.10475920	-33498.27251743	-31028.36671408	-28626.92815930	-26312.22196992	-24098.97010627	-21998.29303874	-20017.92935994
3.1778487144904	-58411.66925177	-58393.49941753	-58331.77866490	-58216.74732923	-58040.66417339	-57796.27290423	-57474.69198896	-57065.30923732	-56555.75703008	-55932.19294364	-55180.29931874	-54286.53260499	-53239.93748156	-52033.20147466	-50663.18108082	-49131.32221408	-47443.56799638	-45610.19357055	-43645.72598900	-41568.39143389	-39399.75029119	-37163.87707126	-34886.59664856	-32594.40454541	-30313.30731198	-28067.72941279	-25879.53575970	-23767.39387537	-21746.41883229	-19828.11041893
3.8015103936870	-52048.32823788	-52034.78643926	-51988.84181398	-51903.42843351	-51773.41912484	-51593.95210203	-51359.43933760	-51062.68046781	-50695.03373496	-50246.45866382	-49705.70841013	-49060.89125158	-48300.50719592	-47414.27196610	-46393.89153101	-45233.75829483	-43931.42821820	-42488.13403011	-40909.20751011	-39204.18909516	-37387.00184129	-35475.51264481	-33491.02848951	-31457.35666049	-29399.65728422	-27343.16145767	-25311.92495528	-23327.73478873	-21409.36072518	-19572.11285687
4.5279421389000	-46329.53042338	-46318.99675547	-46283.35461769	-46217.51121590	-46117.88881616	-45981.45377764	-45804.47630097	-45582.17418920	-45308.62057594	-44976.78654041	-44578.52882480	-44104.74603783	-43545.77481112	-42891.87327855	-42133.91780844	-41263.87751289	-40275.18102703	-39163.39660602	-37926.82844857	-36567.17462812	-35090.06706336	-33505.44662688	-31827.54597078	-30074.49620352	-28267.54321203	-26429.91314899	-24585.47032488	-22757.37843470	-20966.93541071	-19232.69189648
5.3740789115379	-41116.99618226	-41108.72720356	-41080.86246191	-41029.66447879	-40952.71291094	-40848.03258065	-40713.17776549	-40544.83110681	-40338.90694130	-40090.40937027	-39793.62589732	-39441.99103365	-39028.10621566	-38544.00662141	-37981.56586296	-37332.81879225	-36590.19353869	-35747.00144743	-34797.84842163	-33739.31158278	-32570.70100604	-31294.71372450	-29918.08105192	-28451.74876784	-26910.74826538	-25313.58704435	-23681.19804794	-22035.67544799	-20398.90445441	-18791.33754270
6.3596462999786	-36316.48999165	-36310.06702569	-36288.52099008	-36249.14835522	-36190.39419277	-36110.99576148	-36009.29688443	-35882.97622277	-35729.07232143	-35544.05284951	-35323.89181280	-35063.87513705	-34758.61787263	-34402.05191413	-33987.55886308	-33508.20699681	-32956.97044038	-32326.87925021	-31611.36621766	-30804.65846249	-29902.40725315	-28902.38064879	-27805.25780979	-26615.25951195	-25340.59225015	-23993.46662395	-22589.68041307	-21147.77274600	-19687.83912338	-18230.22248307
7.5076203729285	-31888.33077045	-31883.46507071	-31867.13009579	-31837.46332582	-31793.52489654	-31734.57332030	-31659.49306045	-31566.63094035	-31453.85207769	-31318.53075137	-31157.82667779	-30968.34425765	-30746.23881919	-30487.05142445	-30185.73298884	-29836.68172664	-29433.92036865	-28971.17220091	-28442.03661326	-27840.20750150	-27159.87072615	-26396.20660261	-25546.06058835	-24608.70678055	-23586.49139139	-22485.35721216	-21315.03318905	-20088.80299534	-18822.81508759	-17535.08191353
8.8447633096993	-27824.49171902	-27820.85742861	-27808.75736350	-27786.94766680	-27754.90762592	-27712.24103144	-27658.21647226	-27591.66767042	-27511.06579343	-27414.47198622	-27299.84468344	-27164.70488638	-27006.31852788	-26821.51800366	-26606.58543924	-26357.24946324	-26068.74093017	-25735.82115932	-25352.88688843	-24914.05434178	-24413.39333174	-23845.21918276	-23204.55289806	-22487.72248318	-21693.02697637	-20821.38555417	-19876.91011370	-18867.17915192	-17803.16121716	-16698.73058576
10.402247294300	-24126.19920318	-24123.58970978	-24114.91439322	-24099.37153587	-24076.73045557	-24046.80342631	-24009.13319437	-23962.90690575	-23907.03036413	-23840.12606567	-23760.67516332	-23666.92282677	-23556.87377628	-23428.28068543	-23278.49790628	-23104.41717108	-22902.43323847	-22668.43893369	-22397.85615287	-22085.69325676	-21726.60731341	-21315.09188720	-20845.73443870	-20313.60032271	-19714.74337757	-19046.80109593	-18309.61971112	-17505.80666915	-16641.07241234	-15724.31090448
12.216381217892	-20795.32949492	-20793.53936426	-20787.55205588	-20776.90908590	-20761.50520888	-20741.29194572	-20715.98383891	-20685.03322660	-20647.66124799	-20602.92648908	-20549.73057611	-20486.78284540	-20412.67976816	-20325.79672995	-20224.27138623	-20105.90594948	-19968.10670993	-19807.81730808	-19621.53110854	-19405.26042718	-19154.59938199	-18864.76089966	-18530.72265990	-18147.43399580	-17710.12999474	-17214.77400972	-16658.57130004	-16040.54278256	-15362.06055118	-14627.25048000
14.329457130882	-17827.81786843	-17826.66639694	-17822.73862748	-17815.77345345	-17805.75994484	-17792.69244662	-17776.37656510	-17756.50239472	-17732.54945316	-17703.81094477	-17669.52104206	-17628.85121121	-17580.76397139	-17524.10703109	-17457.55968123	-17379.58935698	-17288.36469538	-17181.72576033	-17057.10902258	-16911.52544602	-16741.55287785	-16543.34748276	-16312.68329488	-16045.03628129	-15735.77661624	-15380.40430076	-14974.91326452	-14516.24553282	-14002.80803950	-13434.97908885
16.790736177589	-15210.58838456	-15209.85579167	-15207.42558741	-15203.12810426	-15196.98326067	-15188.99427683	-15179.06524065	-15166.96452529	-15152.35252698	-15134.80077387	-15113.80019728	-15088.75644572	-15058.97435615	-15023.65487343	-14981.87651719	-14932.56023285	-14874.44838313	-14806.04047171	-14725.53821565	-14630.79971954	-14519.31126339	-14388.14789391	-14233.99883897	-14053.16905653	-13841.65252801	-13595.25278053	-13309.78940637	-12981.38807111	-12606.87344791	-12184.21812032
19.657596998122	-12928.12039251	-12927.69836347	-12926.30150600	-12923.83793767	-12920.31893354	-12915.75635111	-12910.09147899	-12903.18440975	-12894.82454651	-12884.74344851	-12872.61815961	-12858.06647380	-12840.63625865	-12819.79351701	-12794.91645377	-12765.26344916	-12729.97538030	-12688.02596531	-12638.18483562	-12578.97562807	-12508.61410946	-12424.99916629	-12325.66551699	-12207.78168798	-12068.15379197	-11903.26518697	-11709.36474628	-11482.63122842	-11219.39808809	-10916.48440833
22.996873369608	-10962.57420922	-10962.35219968	-10961.61285684	-10960.31038073	-10958.44934649	-10956.03454848	-10953.03148218	-10949.35650435	-10944.88661126	-10939.46333545	-10932.89126054	-10924.93772219	-10915.32089592	-10903.70658013	-10889.68586443	-10872.78354523	-10852.42744968	-10827.92646830	-10798.45914042	-10763.02951401	-10720.42957265	-10669.20345497	-10607.60294066	-10533.57204929	-10444.71704623	-10338.30434867	-10211.28358782	-10060.34032402	-9882.026190981	-9672.935448152
26.886412270591	-9288.230859246	-9288.121265571	-9287.765633824	-9287.138095602	-9286.235182454	-9285.057146767	-9283.581881079	-9281.762425900	-9279.529699680	-9276.793699022	-9273.442852987	-9269.341373189	-9264.324076430	-9258.189425960	-9250.692368808	-9241.534107234	-9230.351636013	-9216.706668321	-9200.064294660	-9179.776510714	-9155.049345300	-9124.908019368	-9088.170381308	-9043.405695928	-8988.908430405	-8922.673458145	-8842.383066843	-8745.412966739	-8628.872544579	-8489.687970147
31.416888691004	-7869.213931272	-7869.169257358	-7869.020624929	-7868.757185733	-7868.378613206	-7867.882998651	-7867.259103761	-7866.484541465	-7865.526152198	-7864.339647735	-7862.866159867	-7861.034654828	-7858.754558052	-7855.912611091	-7852.366697200	-7847.939399648	-7842.409560651	-7835.501253496	-7826.872623748	-7816.099839805	-7802.659201252	-7785.907877513	-7765.056689601	-7739.141449195	-7706.998379677	-7667.228325929	-7618.172329221	-7557.892115860	-7484.167066199	-7394.513545863
36.693919495537	-6686.989220088	-6686.971437869	-6686.912336894	-6686.806436957	-6686.651269793	-6686.443134831	-6686.174452127	-6685.832547743	-6685.399049093	-6684.849441169	-6684.152523347	-6683.269363542	-6682.149624121	-6680.730005684	-6678.930049159	-6676.648247169	-6673.755853878	-6670.090669319	-6665.448310211	-6659.571221610	-6652.136700260	-6642.741433950	-6630.883149990	-6615.939112518	-6597.142682113	-6573.556672842	-6544.045816593	-6507.250771215	-6461.566980627	-6405.134427465
42.840525619900	-5697.339144641	-5697.331186080	-5697.308586311	-5697.266969450	-5697.204296538	-5697.117079541	-5696.999484630	-5696.843551407	-5696.639104034	-5696.372278054	-5696.025440500	-5695.575558095	-5694.993874564	-5694.243309374	-5693.276769660	-5692.034276392	-5690.439553905	-5688.395741387	-5685.780168819	-5682.437467786	-5678.171002622	-5672.733172881	-5665.812704965	-5657.019881129	-5645.867753711	-5631.753316658	-5613.933186751	-5591.499297242	-5563.353902338	-5528.187738759
50.000000000000	-4863.320421154	-4863.318228329	-4863.310648351	-4863.295934745	-4863.271944936	-4863.236176298	-4863.184793509	-4863.113012553	-4863.014674528	-4862.881582681	-4862.703322373	-4862.466455358	-4862.153778915	-4861.743282205	-4861.206868825	-4860.508317543	-4859.601822599	-4858.428846169	-4856.914875533	-4854.965253657	-4852.459562804	-4849.245558790	-4845.130661934	-4839.872026999	-4833.164445044	-4824.625657375	-4813.779558232	-4800.036459435	-4782.671754485	-4760.803501251

#dPhi/dR
0	#m
#R(row)\z(col)	0.0000000000000	0.0400000000000	0.0851278715323	0.1360409912583	0.1934810094158	0.2582846534215	0.3313959164594	0.4138798086078	0.5069378708168	0.6119256777272	0.7303725842950	0.8640040038699	1.0147665422512	1.1848563538502	1.3767511330200	1.5932462065726	1.8374952532390	2.1130562432354	2.4239432671322	2.7746850090193	3.1703907157418	3.6168246231813	4.1204899237463	4.6887234982259	5.3298027919625	6.0530663922069	6.8690500631027	7.7896402199191	8.8282470781872	10.000000000000
0.0000000000000	-0.000000000000	-0.000000000000	-0.000000000000	-0.000000000000	-0.000000000000	-0.000000000000	-0.000000000000	-0.000000000000	-0.000000000000	-0.000000000000	-0.000000000000	-0.000000000000	-0.000000000000	-0.000000000000	-0.000000000000	-0.000000000000	-0.000000000000	-0.000000000000	-0.000000000000	-0.000000000000	-0.000000000000	-0.000000000000	-0.000000000000	-0.000000000000	-0.000000000000	-0.000000000000	-0.000000000000	-0.000000000000	-0.000000000000	-0.000000000000
0.1000000000000	-501.9950691089	-483.0215792105	-440.6818895191	-389.2272150486	-322.1743734323	-237.0401594836	-122.7696683542	38.071689959837	220.83497467942	370.77110232518	471.32366260334	534.93012870876	561.39751042409	545.63291929442	499.83514268933	442.50645125601	381.14888220389	319.21171342055	260.67770588906	209.15654564594	165.56206957343	129.25168227500	99.597770632922	75.990151702970	57.571924493638	43.351940920427	32.448796799148	24.165457192472	17.923174374262	13.246717587963
0.2164784961854	1364.6995020324	1362.5302264144	1333.0567801476	1274.3593294627	1216.6525696605	1158.4025924604	1131.4463900933	1193.9953154240	1301.6504178090	1362.3315539304	1372.3419400723	1362.4633897932	1320.2166916816	1228.4380255267	1102.2774387156	964.98674412379	826.13877941467	689.93359470885	563.25399636007	452.04149583147	357.75112317666	279.26343965277	215.25478345177	164.30756393198	124.43162034226	93.751138350557	70.187964083024	52.266274482524	38.780861666572	28.662510348062
0.3521508969217	1843.0571909326	1855.5130872320	1896.4953139221	1959.6005103935	2032.0039364976	2112.9995836094	2194.9566865046	2261.8433165303	2315.3914549404	2355.6807879857	2356.8132295673	2296.2078363341	2175.4226768844	2005.3088695635	1797.9481696299	1569.9111854102	1338.1049226146	1115.9038151161	912.25656093067	732.76085671187	579.65451660453	452.42741262863	349.03262408581	266.65145422893	202.12442016253	152.22391515713	113.99291207699	84.949698466784	63.042401680889	46.595699467687
0.5101800690379	3532.5405291895	3544.9785408672	3581.6288296042	3636.9357013512	3701.5584978943	3761.8979289096	3808.0860407720	3832.5190452203	3822.3670657431	3762.6966771707	3645.0542064610	3465.6836573633	3225.9113143086	2934.5551752629	2607.9791884269	2265.7009973204	1926.0092503419	1604.1141782463	1311.0278217035	1053.4414919941	833.82644260279	651.27957257081	502.86198589509	384.52515647204	291.70584482324	219.82248541925	164.70957198055	122.80396753490	91.168339106387	67.410699029540
0.6942500722533	5917.3007660479	5925.9550710248	5951.9036790128	5987.2842562808	6016.1262075387	6020.7800820951	5985.1605023793	5896.1413613661	5744.2979116219	5524.5070644649	5234.9760778122	4879.7612053082	4468.3200242744	4015.0871205658	3537.9994328994	3056.7357994501	2590.2336282140	2154.3294039589	1760.5295059532	1415.5471360452	1121.5494228018	877.11136901178	678.18530732099	519.32185414552	394.45940104945	297.56846107987	223.18137386874	166.53701852233	123.71616239759	91.529769895514
0.9086520439270	9226.4912145666	9226.6588919533	9222.9715687221	9201.2375661978	9140.7475927674	9020.8228068326	8823.6514963242	8536.4760880834	8155.5327668690	7688.2917264873	7146.4204159063	6545.4016843602	5904.1449319769	5242.4887286709	4579.8850297935	3934.5169181281	3323.3472660566	2760.6836323907	2256.5482702889	1816.4813602583	1441.7277650938	1129.7962101094	875.46264726907	671.80557913893	511.25597415209	386.34755599899	290.18618053863	216.81008807174	161.22864338936	119.34361093763
1.1583842363245	13221.292621187	13206.512759346	13152.358741255	13039.336453339	12844.124307692	12544.839794633	12124.705923706	11576.079765216	10904.180879149	10127.810311941	9275.0807082583	8377.9265634423	7465.7856959463	6563.5251664068	5691.6385565555	4866.2240377105	4100.5411776355	3404.8528853051	2786.0814166590	2247.6101127007	1788.9950552871	1406.4024220361	1093.3573439882	841.65451714660	642.38597046443	486.64963094891	366.31896732691	274.20235787469	204.22099495106	151.40615664095
1.4492685385200	16821.879760362	16791.844225003	16688.606178837	16491.058688342	16177.217945986	15725.552088766	15119.674280255	14353.463284596	13437.484413508	12399.389907199	11278.581124117	10119.044859305	8961.1826622451	7837.0083177666	6771.2612297777	5778.1251953387	4868.4208365151	4048.6732995471	3322.5532431810	2690.8930721948	2151.5567471431	1699.6036106184	1327.6647918579	1026.6882864255	786.85448869488	598.30460089066	451.79134631829	339.07987583663	253.10484599131	188.02161878581
1.7880861993569	18638.147730174	18600.484022893	18473.546336761	18239.263932345	17881.530717959	17382.811749927	16727.550669317	15907.989477134	14929.889660118	13815.474406135	12602.119299356	11336.286078797	10063.537808699	8822.8196760535	7643.3294425953	6544.0889281175	5537.0637080478	4628.5197074333	3821.3509777681	3115.6133860021	2508.8099606816	1995.9946273981	1570.0104891697	1221.9783280582	942.02670126861	720.01586395668	546.13703010633	411.44075777798	308.08722252693	229.42252018759
2.1827359155104	17741.824075463	17710.556964986	17605.081659224	17411.243279023	17117.493390198	16710.938478511	16178.353441382	15509.368003597	14700.746956239	13759.948530520	12708.221124056	11577.927591751	10407.058430852	9233.3943353732	8089.7654260993	7001.5948790600	5987.2366527110	5057.8300266687	4220.4424698804	3477.8864877499	2830.1810893519	2274.7951598845	1806.7079241665	1418.8550050899	1102.6748979615	848.82459089618	647.81262153186	490.60838165805	368.98080307333	275.76750102999
2.6424179700862	14919.983760561	14900.503924169	14834.264456429	14711.849529301	14525.322773870	14266.051447557	13924.247582112	13489.866111475	12954.593552514	12314.732686188	11574.450238107	10746.579777094	9851.4851684653	8914.4816687397	7962.3479517024	7020.3859498465	6110.5545634057	5250.1790701826	4452.4482992327	3726.4010967691	3077.6410929211	2508.5750180155	2018.5720036213	1604.3393922284	1260.3725229353	979.52525566130	753.79985917783	574.93548635747	435.00830570199	326.72574841965
3.1778487144904	11650.631562356	11640.538948572	11605.994988077	11541.182575938	11440.928085018	11299.718183548	11111.227785910	10868.417828897	10563.919063754	10191.192158131	9746.1058579756	9228.4800844989	8643.2503684697	8000.3118174095	7313.6206565907	6599.8689125380	5876.8300523333	5161.8291854902	4470.9794216247	3818.0746025854	3214.2383176826	2667.4722639513	2182.6736868002	1761.6587163030	1403.3669454196	1104.2875527608	859.10796103933	661.42436158963	504.43987046253	381.43177009885
3.8015103936870	8950.7655666985	8945.3785510317	8926.9290012480	8891.9231060174	8837.6494525653	8760.7840482607	8657.7452435784	8524.2511730093	8355.3424992516	8145.9110105287	7891.0077321906	7586.7823053006	7231.5749072600	6826.4629611073	6375.2474385531	5884.5319494106	5363.5254829840	4823.5373930137	4277.2336460182	3737.6688081166	3217.4000722329	2727.5549961195	2277.1705453869	1872.6867984127	1517.6620905583	1212.8884029263	956.68040327821	745.47990836365	574.46723666960	438.22575743201
4.5279421389000	6950.8848411338	6947.6337094451	6936.4389174451	6915.3504239599	6882.5849259439	6836.4346511457	6774.9137952596	6695.6406431701	6595.7712565033	6472.1106556792	6321.0615911836	6139.0731051789	5923.2921765425	5671.9117140397	5384.3605845734	5061.7177741712	4706.8632061070	4324.6271732052	3921.8003387152	3506.8727575624	3089.5180988559	2679.9524559226	2287.9445673823	1922.1310840459	1589.2704669999	1293.8383630938	1037.7878015177	820.84961106803	640.88390096452	494.44450107651
5.3740789115379	5476.1847202869	5473.9662318594	5466.3524753324	5452.0563563596	5429.9753950380	5399.1589240120	5358.5808011871	5306.9287888852	5242.6258898873	5163.7964827226	5068.1859022977	4953.4192138005	4817.0404659304	4656.9495506228	4471.6180797807	4260.2734526240	4022.9618768101	3760.7703991096	3476.1569621446	3173.0582776856	2856.9736654475	2534.6619694207	2213.8222367205	1902.4126436464	1607.9059763125	1336.6409353651	1093.2082831013	880.21036939682	698.28932777822	546.35743924255
6.3596462999786	4339.4424000854	4337.8543350380	4332.4504971852	4322.3728039526	4306.9348180719	4285.5517171906	4257.6119409396	4222.4019649943	4178.9777889172	4126.2899788568	4063.0395821070	3987.7458552249	3898.7321169154	3794.3085493307	3672.9955870642	3533.5934388290	3375.2854839044	3197.7125338850	3001.2334184518	2787.0475354539	2557.3852194860	2315.7752466035	2066.8490957415	1816.2309742066	1570.0785519209	1334.5585655388	1115.1809990104	916.25189561087	740.56905952529	589.30439915475
7.5076203729285	3430.3654755337	3429.2524231871	3425.4377108587	3418.3616445633	3407.6411140916	3392.8782396042	3373.7357281838	3349.7541390817	3320.3652269710	3284.9211680062	3242.6742656357	3192.7292612066	3134.0218261920	3065.3934359090	2985.6385236427	2893.6538176711	2788.5106548690	2669.4464289752	2536.0013800058	2388.1405665900	2226.3840608459	2052.0445369802	1867.3208404805	1675.3851395875	1480.2945308204	1286.7236998739	1099.5410918608	923.37709767350	762.06053180228	618.30804576693
8.8447633096993	2692.2732530537	2691.4888632257	2688.8345483557	2683.9616551227	2676.6345384826	2666.6410302727	2653.7660854304	2637.7080278110	2618.1338766068	2594.6118813107	2566.6764901583	2533.8010570935	2495.3385906008	2450.5240770179	2398.5369116281	2338.4803365387	2269.5146822955	2190.8762229461	2101.9031314802	2002.0993827161	1891.2200838424	1769.4492720434	1637.5037807831	1496.7814494145	1349.4339270262	1198.3474772110	1047.0201949332	899.27382084738	758.85082869473	629.04960246097
10.402247294300	2092.9324830363	2092.3933245837	2090.5727159774	2087.2692596444	2082.3435102800	2075.6975692463	2067.2062480571	2056.6989107102	2043.9196537776	2028.6221122555	2010.5007256831	1989.2145053187	1964.3853887994	1935.5506218323	1902.1740755837	1863.6252728939	1819.2520901159	1768.3832159430	1710.3891347720	1644.6759790265	1570.7602386285	1488.3310922714	1397.3562639997	1298.1947973190	1191.7070544230	1079.3423626594	963.15249172381	845.71583944940	729.97931050397	618.93052317930
12.216381217892	1609.2540992689	1608.8932554640	1607.6929141799	1605.5127238771	1602.3057749029	1598.0398777476	1592.6243528950	1585.9670544508	1577.9073639189	1568.2686340320	1556.8575711177	1543.4507639319	1527.8119436094	1509.6654647849	1488.6667907917	1464.4307134160	1436.5055730615	1404.3623929633	1367.5069762644	1325.3973588925	1277.5341995309	1223.4602696015	1162.8490160082	1095.5595626297	1021.7214409275	941.84316641031	856.88013382975	768.27168252137	677.90442834356	588.00242605534
14.329457130882	1224.4239455200	1224.2006069397	1223.4291538965	1222.0491042064	1220.0436759158	1217.3987725071	1214.0722152837	1209.9989085462	1205.0833637296	1199.2000824649	1192.2549148392	1184.0680543591	1174.4925331571	1163.3505361550	1150.4409267962	1135.5238672949	1118.3141709607	1098.4629650133	1075.5918662072	1049.2931187412	1019.1416756773	984.71429642152	945.63267809641	901.55696549400	852.30266604569	797.87404703074	738.53977658571	674.91297453121	607.97392340072	539.07963760282
16.790736177589	922.19402743078	922.05287004139	921.58299577373	920.74344981707	919.53824552753	917.95847083219	915.98715776703	913.58298748773	910.69149966226	907.23386185730	903.13285865080	898.29260081512	892.61139484827	885.97318213810	878.24642945654	869.28869584771	858.91218984504	846.91233226075	833.04793439086	817.02441106672	798.53053335106	777.23771416396	752.79815228584	724.89137968531	693.22768666491	657.59857062335	617.93464517078	574.34813134927	527.20989581681	477.17501276776
19.657596998122	686.03648987181	685.94798559821	685.67984635027	685.20623161196	684.52819538017	683.64516964225	682.55196526129	681.21943937672	679.61957225860	677.70112231956	675.41897342744	672.72032397590	669.52467726571	665.77701139210	661.37771039414	656.24009910757	650.25387178751	643.28479485513	635.18160335120	625.76271588549	614.81363553596	602.09753659805	587.36516265155	570.33813212056	550.75177082641	528.35805999194	502.95837575066	474.44562315200	442.83960606805	408.33931327329
22.996873369608	504.02891713055	503.98626420557	503.84716444716	503.60109763529	503.25106155444	502.79859714728	502.23925258504	501.55956544520	500.74166474907	499.76000501376	498.58631622795	497.18881732358	495.52580948138	493.55444607196	491.21776190588	488.45804946068	485.21164803828	481.39114175641	476.90664681502	471.64102290710	465.46171210681	458.20978818403	449.70944306777	439.75781336894	428.15160380914	414.67422104111	399.11878988966	381.30578413180	361.11508392387	338.51612450226
26.886412270591	367.27092652653	367.25053418135	367.18475312265	367.06847771474	366.90262710458	366.68861130193	366.42251269935	366.09961385680	365.70893419100	365.23794931361	364.67087523751	363.98875161501	363.16998115580	362.18755105254	361.01175330387	359.60674198079	357.92828635405	355.92912945966	353.55047863389	350.72466708323	347.37021684385	343.38845102186	338.66912236943	333.08034612439	326.47555744860	318.69585251665	309.57322549665	298.94027634688	286.64245877203	272.55980960822
31.416888691004	265.11199348355	265.10360290857	265.07663951747	265.02940302595	264.95941358474	264.87219979862	264.76138748824	264.62727972884	264.46397953184	264.26512837279	264.02235032277	263.72621179431	263.36456384944	262.92307598671	262.38438756262	261.72792982781	260.92930694721	259.95976918902	258.78542422052	257.36621468979	255.65478092715	253.59485802092	251.11933964936	248.14843250465	244.58846619377	240.33124016210	235.25536739719	229.22939729497	222.11794703248	213.79107954791
36.693919495537	189.59844825796	189.59575148669	189.58607668833	189.56923928126	189.54501575466	189.51243809023	189.47302472791	189.42471400507	189.36537948239	189.29326494848	189.20473117125	189.09611199172	188.96243780832	188.79746491515	188.59354192143	188.34104500739	188.02794473869	187.63930084349	187.15655175680	186.55663028144	185.81170103334	184.88705872762	183.74090809865	182.32300743973	180.57358778488	178.42259181283	175.78920621445	172.58218500918	168.70164691080	164.04239070250
42.840525619900	136.78651208978	136.78584439690	136.78170581101	136.77607657900	136.76751889713	136.75726915696	136.74269042883	136.72483658491	136.70253548744	136.67459621921	136.63963659397	136.59570855422	136.54058812994	136.47126142910	136.38389133077	136.27407824845	136.13567844009	135.96125178616	135.74146999160	135.46463641535	135.11596151033	134.67727827853	134.12598453143	133.43437732211	132.56820623827	131.48658378000	130.14044245538	128.47211478572	126.41520454271	123.89530119822
50.000000000000	99.350739161997	99.347825249010	99.338814297123	99.324637653926	99.307927957539	99.290785435538	99.273778782345	99.257039820526	99.239708769826	99.220901819571	99.199698436615	99.175054359487	99.145695068255	99.110104343729	99.066376008703	99.012175512882	98.944472468876	98.859482097007	98.752412273190	98.617239813489	98.446302579735	98.230076591721	97.956567343957	97.610848229985	97.174391944284	96.624340102116	95.932819340698	95.066136410523	93.984162555301	92.639968369955

#dPhi/dz
0	#m
#R(row)\z(col)	0.0000000000000	0.0400000000000	0.0851278715323	0.1360409912583	0.1934810094158	0.2582846534215	0.3313959164594	0.4138798086078	0.5069378708168	0.6119256777272	0.7303725842950	0.8640040038699	1.0147665422512	1.1848563538502	1.3767511330200	1.5932462065726	1.8374952532390	2.1130562432354	2.4239432671322	2.7746850090193	3.1703907157418	3.6168246231813	4.1204899237463	4.6887234982259	5.3298027919625	6.0530663922069	6.8690500631027	7.7896402199191	8.8282470781872	10.000000000000
0.0000000000000	-0.000000000000	3175.1805603446	6718.7069991989	10263.212602464	13674.123558749	16868.047545251	19610.569343380	21819.603842604	23502.392299380	24482.725504125	24608.640831663	23981.444494034	22797.037309741	21200.728191199	19340.019777344	17361.660176637	15383.430687631	13478.031916745	11690.637799787	10052.366941679	8578.8876044232	7273.5926847874	6131.3407526721	5142.3170931482	4293.6593113732	3570.7403014766	2958.6067390328	2442.8905654418	2010.3377582705	1649.0006773013
0.1000000000000	-0.000000000000	3267.7780890162	6863.0421745939	10414.200350489	13830.679503556	17036.127079754	19769.801756160	21963.704079170	23630.026974472	24577.307593370	24664.782339674	24009.239383108	22805.315347778	21195.117950940	19328.574794873	17348.994859410	15371.550834213	13467.698222570	11682.272853947	10045.987315528	8574.1349239447	7270.1228481319	6128.8727553546	5140.6023162301	4292.4689743106	3569.9318940969	2958.0591723905	2442.5210310644	2010.0925133667	1648.8344905033
0.2164784961854	-0.000000000000	3278.1691811725	6799.7584621467	10350.221869564	13793.296303386	17015.968357179	19856.735324510	22157.923948560	23788.247116296	24645.889896462	24695.443242277	24020.416728029	22782.957762636	21146.332896090	19274.238348184	17298.824678935	15326.577899111	13429.044266764	11651.334583533	10022.491560614	8556.6836224153	7257.3445500053	6119.7248713464	5134.2406555170	4288.1021438054	3566.9369370512	2956.0454504636	2441.1666811900	2009.1935464053	1648.2462633117
0.3521508969217	-0.000000000000	3306.0852654726	6820.8435680939	10371.419584815	13822.439213771	17056.284786852	19936.447381391	22274.222299926	23884.529624637	24684.921699189	24683.127411409	23966.964550200	22693.062224948	21033.005020979	19156.475173379	17189.242803144	15230.459103198	13348.625860011	11587.220840370	9973.4526994494	8520.1548306644	7230.7140946196	6100.7584559097	5120.9732730777	4278.9586200503	3560.7120197347	2951.8322898557	2438.3396791782	2007.3103877867	1646.9898994277
0.5101800690379	-0.000000000000	3410.7048876562	7006.0057472356	10585.466250538	14029.776082145	17238.235642262	20067.400522634	22344.983972559	23904.816068266	24649.412771903	24578.931375231	23802.172784238	22490.487533397	20814.420145319	18940.733299832	16991.287175407	15059.242447981	13207.241885358	11475.026751770	9887.3736008936	8456.0081186356	7184.0325549927	6067.4781947939	5097.6757277232	4262.8870567668	3549.7550296776	2944.4188066882	2433.3712325449	2003.9954705530	1644.7846702171
0.6942500722533	-0.000000000000	3503.0777322262	7158.1727181429	10750.965778551	14159.529645870	17297.034576772	20046.634349557	22241.100315806	23710.134657176	24370.584928727	24237.057295023	23419.092769561	22088.574365266	20417.553532394	18570.640029886	16662.789976361	14779.946902592	12978.811504974	11294.573340604	9749.2152524954	8353.0202690475	7109.0278262695	6013.9607577413	5060.1635010378	4236.9661254906	3532.0554594319	2932.4323725242	2425.3173595461	1998.6180745041	1641.2162510970
0.9086520439270	-0.000000000000	3553.4694539823	7223.8560887345	10764.279267836	14061.262087471	17054.055918807	19646.575877357	21697.091608219	23057.040101962	23647.065911739	23478.115778026	22659.670802541	21360.594810038	19745.538171644	17971.180080392	16145.681948601	14348.371866337	12629.728293061	11020.339709300	9539.5940433589	8196.7311461386	6995.0800029461	5932.5038703087	5002.9263726809	4197.3166071832	3504.8951343313	2914.0175794451	2412.9270490919	1990.3355298812	1635.7516685201
1.1583842363245	-0.000000000000	3460.8591587406	6991.4395435506	10329.171984682	13380.077302352	16117.471079240	18475.341895141	20342.055244102	21593.262969678	22155.028490066	22028.656089596	21306.042306103	20135.755132164	18667.236922046	17044.478157523	15367.595018818	13710.499545810	12119.203353622	10621.456120855	9235.1589016460	7969.5436829960	6829.1106754820	5813.4750089235	4918.9858049507	4138.9575426609	3464.8131222887	2886.7392335564	2394.5311383009	1978.0117069591	1627.4997537277
1.4492685385200	-0.000000000000	3128.4703488609	6289.1292363063	9224.0051709788	11862.071775174	14210.505687379	16240.256010454	17879.484950335	19034.386435951	19633.250865183	19655.840832614	19158.911853753	18251.501229637	17055.011165356	15692.402115861	14254.304832994	12810.244400997	11404.568915679	10065.106226390	8810.6092148742	7651.9772816616	6596.0672247728	5645.5572853338	4799.9257512686	4055.7434790351	3407.3582415137	2847.4975072417	2367.9533644170	1960.1430368043	1615.5780285212
1.7880861993569	-0.000000000000	2541.9151930434	5105.1575511641	7466.3444346715	9567.4292552422	11431.128441546	13061.312868630	14428.373817924	15474.435453273	16136.119240879	16373.511370097	16199.229067536	15668.924257638	14861.460776356	13867.747931743	12762.877736911	11610.376029565	10454.169896843	9324.6717379489	8243.5793319212	7225.4028195763	6280.8501432630	5416.6024545278	4636.2840226975	3940.4743608244	3327.2225453894	2792.4071217938	2330.4374886273	1934.8148184833	1598.5792983411
2.1827359155104	-0.000000000000	1851.5650550291	3730.1483957788	5468.8844020159	7014.9018651043	8385.7647790597	9604.3847320579	10670.959106247	11560.084324624	12229.221938641	12637.179621554	12764.563341461	12618.298711214	12230.921692010	11652.899602644	10935.160314694	10127.889696536	9270.3017679840	8394.0871958159	7523.7750267936	6677.8935139185	5871.5025645515	5115.7134750545	4418.7154716805	3785.5540779488	3218.4232565841	2716.9511050215	2278.6638323468	1899.6207750287	1574.8562085819
2.6424179700862	-0.000000000000	1276.9244705540	2581.3065746583	3797.7223162627	4881.2349245636	5840.6102503887	6701.1860575007	7476.1142003842	8161.6442093850	8739.7752307917	9185.3250782652	9472.4790489902	9584.4836583126	9521.3346884984	9297.5386301564	8935.9082744318	8465.2755594143	7913.0407990132	7305.1381747077	6664.8473639975	6012.1635398149	5364.6151223713	4736.5543058023	4139.9902796407	3584.0317498607	3074.9445175489	2616.2141833802	2208.8187657361	1851.7320787466	1542.3306009674
3.1778487144904	-0.000000000000	897.42004261997	1815.1480140426	2670.7637885293	3427.7971078585	4091.1610186729	4683.8906251673	5222.0431115127	5711.2656307385	6149.4718075867	6527.5745685723	6828.4150766628	7034.5147631748	7134.9020387398	7125.9469880040	7010.6903940981	6798.3597627014	6501.1071884772	6133.8016411041	5712.3465489543	5252.7925301899	4771.0086802835	4281.5722614568	3797.9311021232	3331.5981241630	2891.8872409299	2485.5980968159	2116.9799126276	1787.9847211593	1498.5987640894
3.8015103936870	-0.000000000000	669.43548792720	1350.3153412010	1978.3799984475	2524.3956782965	2993.3932207516	3405.6309238559	3776.2226580370	4113.3104799110	4420.8956492567	4698.8533250641	4940.0209188172	5134.6826825060	5273.3999198137	5348.9208105360	5356.9379716984	5296.8544447636	5170.1623104708	4981.4116183529	4737.2387193928	4446.1914932271	4118.5647488843	3765.4376984548	3398.4720347599	3028.9261860755	2667.1282178041	2321.8035156575	1999.6690781800	1705.2691009584	1441.0798359696
4.5279421389000	-0.000000000000	519.78907617947	1044.4165432460	1521.1115909414	1927.2146266909	2267.9558207164	2560.8190102102	2819.2454190106	3051.4321864244	3262.4936388851	3455.2003060938	3628.6285860538	3779.3924349385	3901.7864559633	3990.0439751675	4039.9309941218	4048.6103845661	4013.9942394173	3935.3307589889	3813.0550855332	3649.3184588606	3447.9394952289	3214.7761923893	2957.1873064006	2683.6255079336	2403.0924758774	2124.2599310876	1854.8549890688	1601.0603091516	1367.3490228329
5.3740789115379	-0.000000000000	407.24658961979	814.73265264828	1179.1474011948	1483.5786420221	1734.0644189901	1945.3491872357	2128.7240175212	2291.2957984149	2437.1730357271	2569.2426081722	2689.1336038483	2797.0778678313	2890.6548274517	2966.5892270999	3021.9367643435	3054.1958433267	3061.0871158010	3040.7176836160	2991.3097165229	2911.7273147864	2801.8166579553	2662.7772430792	2497.5253146952	2310.6014843368	2107.9571842300	1896.4364247504	1683.0372359380	1474.2881351889	1275.6514018331
6.3596462999786	-0.000000000000	315.74728838203	628.65096478135	903.69325460486	1128.9631785733	1311.3571774130	1463.2831610351	1593.9715795427	1709.0958430914	1811.4311843961	1902.9586891552	1985.6587044708	2061.0881795356	2129.0012080812	2188.2508765679	2237.1227189739	2273.7554409245	2296.4809890100	2303.6666771559	2293.4871997590	2263.9720262968	2213.4806644567	2140.8041170920	2045.8487116780	1929.7768440662	1795.2968909783	1646.4216473653	1488.2242979455	1326.1868927814	1165.6371248823
7.5076203729285	-0.000000000000	240.02109092502	475.44027119790	678.42298260731	841.06575425828	970.73557959701	1077.8390775188	1169.8447789408	1251.0959080885	1323.4252276269	1387.9587439845	1445.9042582548	1498.7485199305	1547.2323159229	1591.6069979395	1631.2436122391	1665.0059225585	1691.7874837325	1710.3979320935	1719.4320847289	1717.2141465912	1701.9641003054	1671.8570752170	1625.4641145765	1562.0151830629	1481.7990466405	1386.2599522789	1278.1020307469	1160.9558192021	1039.0218633527
8.8447633096993	-0.000000000000	178.04090635018	350.85793983502	496.85782899912	611.02446818363	700.39167329349	773.78755882958	837.09443244800	893.48684675153	944.22234425928	989.92659208854	1031.1340146565	1068.6089993986	1103.2717133862	1135.8789003149	1166.5293596066	1194.8904765885	1220.3510210247	1242.0528556176	1259.0417353732	1270.1245604024	1273.8665487082	1268.6375156119	1252.8057904845	1224.9075283994	1184.0034380592	1129.8473406248	1063.1823146904	985.70402562013	899.99628861862
10.402247294300	-0.000000000000	127.89853118565	250.83255450042	352.58692251266	430.13104885284	489.67565039227	538.35555464682	580.70870364742	618.98532906376	654.08308859650	686.35687701956	715.91815329087	743.03198899079	768.24301447892	792.21362562101	815.38827566499	837.96295217035	859.75087432807	880.29778819034	899.00111814729	915.07960817309	927.53626487827	935.16456633809	936.60594071125	930.42210323276	915.32639584056	890.32572323565	854.97416584333	809.50642882452	754.97521769250
12.216381217892	-0.000000000000	88.263229958062	172.38496642090	240.71488893872	291.49106200251	329.75860838300	360.95677995485	388.45285721838	413.80917044418	437.62941498868	460.12688006436	481.29780579727	501.16202121195	519.88732446947	537.78870528060	555.28185455979	572.73610349380	590.28303522797	607.79298812925	624.99354790315	641.42245529582	656.44298706878	669.28291434678	678.96789468983	684.39349486732	684.39105907424	677.83633123750	663.81981340300	641.79152931805	611.70766916846
14.329457130882	-0.000000000000	58.015835776454	112.94811611070	156.93184145726	188.93176461023	212.63578209830	231.96513670527	249.28558813976	265.62741790776	281.38652872442	296.71494839322	311.57829599739	325.96785390445	339.87572588961	353.37464691085	366.68208284339	380.05784930881	393.71352354293	407.75640354552	422.14187348990	436.65064661772	450.94839078471	464.57608504872	476.93257880414	487.26927987924	494.72256484447	498.36196296524	497.25890766031	490.59648159264	477.80479541608
16.790736177589	-0.000000000000	35.864528766058	69.684232740391	96.499998239365	115.70930088329	129.76416305598	141.27339177338	151.79643736791	162.00397451793	172.12774676978	182.24717484778	192.37085518734	202.50110918188	212.59937783861	222.65681697730	232.73305283450	242.93408611988	253.42129828313	264.32970163777	275.73995123015	287.60303977084	299.79099955527	312.06180311326	324.08353706749	335.40977160037	345.48655011689	353.65608668166	359.18812196840	361.32904768856	359.38398987294
19.657596998122	-0.000000000000	20.580540328681	39.958350552797	55.253164873730	66.123556232047	74.043153850883	80.587568555060	86.711985079358	92.837232648162	99.096849740348	105.53168589317	112.15089342647	118.97502209201	125.99490905331	133.20574073790	140.61043875251	148.23062645640	156.13028379491	164.40693281892	173.13998690363	182.37516704345	192.09705131784	202.19839742962	212.52770946576	222.84431656190	232.83045859059	242.07675966964	250.09699072338	256.32775819154	260.17398210887
22.996873369608	-0.000000000000	10.846173546256	21.077958878013	29.174146597314	34.953685077464	39.206434921645	42.786815875501	46.230771456764	49.771971347074	53.494721566461	57.425098052678	61.574073581600	65.954713141966	70.583100369909	75.466327589618	80.612285517371	86.027454881208	91.735485627605	97.773433906979	104.19483761528	111.05312184155	118.37620569182	126.14155750555	134.31119757170	142.75797371928	151.33076887911	159.79179648783	167.87469114362	175.19287566931	181.33496120439
26.886412270591	-0.000000000000	5.2018237739658	10.139585420511	14.098772826426	16.989608215763	19.182111269425	21.093697284345	22.985317472907	24.979045351384	27.123034801601	29.434776496260	31.927210174410	34.610502431943	37.499535536601	40.612242213631	43.969079411878	47.568460700242	51.436629351404	55.590807529953	60.060989492984	64.887693027303	70.106033459927	75.733062876660	81.769310576097	88.176615041461	94.886521850976	101.78971109042	108.73097972377	115.50214232031	121.83967240774
31.416888691004	-0.000000000000	2.1599912150796	4.2210947078968	5.8899736835879	7.1274667070531	8.0865381870353	8.9454930075050	9.8224123826243	10.778290654503	11.843053467612	13.036138394927	14.373567944956	15.870632878780	17.543463476578	19.409151816714	21.485290400046	23.789921725783	26.341396010488	29.157829930722	32.257010885411	35.655590634717	39.368213557729	43.405786041443	47.772813739738	52.463659102321	57.457620633076	62.713236074421	68.161929386037	73.701488303861	79.190190385023
36.693919495537	-0.000000000000	0.8496482182401	1.6784694841991	2.3846016902931	2.9520918058015	3.4349515969456	3.9006289808461	4.3917678264762	4.9339342872466	5.5416888733388	6.2250110387981	6.9941593492673	7.8594946181579	8.8324778634494	9.9257050345077	11.152970282773	12.529169862558	14.070348980221	15.793349292374	17.715699109214	19.854911930699	22.228006921278	24.850357870465	27.734293943680	30.887267522604	34.309362428315	37.990179848565	41.905100212129	46.010606809907	50.239446418660
42.840525619900	-0.000000000000	0.3211066147078	0.6465787334573	0.9467539009941	1.2175209796202	1.4757850648542	1.7430919208994	2.0341501618768	2.3587280238439	2.7235031359726	3.1344424348498	3.5974221380538	4.1189788737204	4.7062694055994	5.3673068899291	6.1109047746059	6.9468775297442	7.8858865805546	8.9395841826447	10.120398047666	11.441582379078	12.916771521606	14.559717991616	16.383753159454	18.400433234666	20.619040123766	23.044321296443	25.674389388551	28.497871855223	31.490467655841
50.000000000000	-0.000000000000	0.1076723353458	0.2248159631925	0.3490310898708	0.4808914927870	0.6235659191811	0.7811712914522	0.9574335414513	1.1558701297379	1.3791602887346	1.6307483677910	1.9142353275195	2.2336178133505	2.5933709555209	2.9985209029487	3.4546070689318	3.9678689412452	4.5451825937827	5.1941160342000	5.9229494987092	6.7406220296308	7.6567511850409	8.6814123096158	9.8249992914401	11.097820775096	12.509525553747	14.068388306804	15.780123846517	17.646435838025	19.663008311026
