Multipole
50	#n_radial
4	#l_max
0	#unused
#Phi
#radius	l=0,m=0	l=1,m=-1	l=1,m=0	l=1,m=1	l=2,m=-2	l=2,m=-1	l=2,m=0	l=2,m=1	l=2,m=2	l=3,m=-3	l=3,m=-2	l=3,m=-1	l=3,m=0	l=3,m=1	l=3,m=2	l=3,m=3	l=4,m=-4	l=4,m=-3	l=4,m=-2	l=4,m=-1	l=4,m=0	l=4,m=1	l=4,m=2	l=4,m=3	l=4,m=4
0.0100000000000	-156090.84165356730227	0	0	0	0	0	0.0385675341997	0	0	0	0	0	0	0	0	0	0	0	0	0	3.7757181229e-4	0	0	0	0
0.0130709005487	-156090.55998574211844	0	0	0	0	0	0.0695408678564	0	0	0	0	0	0	0	0	0	0	0	0	0	6.4145525696e-4	0	0	0	0
0.0170848441153	-156090.07997185309068	0	0	0	0	0	0.1250277791103	0	0	0	0	0	0	0	0	0	0	0	0	0	0.0010873298713	0	0	0	0
0.0223314298321	-156089.26193971509929	0	0	0	0	0	0.2242051246311	0	0	0	0	0	0	0	0	0	0	0	0	0	0.0018359988140	0	0	0	0
0.0291891898445	-156087.86786218165071	0	0	0	0	0	0.4011103940942	0	0	0	0	0	0	0	0	0	0	0	0	0	0.0030792247923	0	0	0	0
0.0381528997554	-156085.49209712495212	0	0	0	0	0	0.7160674590632	0	0	0	0	0	0	0	0	0	0	0	0	0	0.0051026259904	0	0	0	0
0.0498692758346	-156081.44335559642059	0	0	0	0	0	1.2758390960327	0	0	0	0	0	0	0	0	0	0	0	0	0	0.0082727454135	0	0	0	0
0.0651836344869	-156074.54355381781352	0	0	0	0	0	2.2691339777912	0	0	0	0	0	0	0	0	0	0	0	0	0	0.0128633767170	0	0	0	0
0.0852008803779	-156062.78501990102814	0	0	0	0	0	4.0291047437474	0	0	0	0	0	0	0	0	0	0	0	0	0	0.0183169737718	0	0	0	0
0.1113652234079	-156042.74632366586593	0	0	0	0	0	7.1430381820679	0	0	0	0	0	0	0	0	0	0	0	0	0	0.0207323872725	0	0	0	0
0.1455643759746	-156008.60551353759365	0	0	0	0	0	12.615179953777	0	0	0	0	0	0	0	0	0	0	0	0	0	0.0085187967680	0	0	0	0
0.1902657481793	-155950.54230151293450	0	0	0	0	0	22.087138037478	0	0	0	0	0	0	0	0	0	0	0	0	0	-0.053197880424	0	0	0	0
0.2486944672271	-155852.08377171159373	0	0	0	0	0	38.244155240945	0	0	0	0	0	0	0	0	0	0	0	0	0	-0.243738740607	0	0	0	0
0.3250660648130	-155685.79687023218139	0	0	0	0	0	65.262931693601	0	0	0	0	0	0	0	0	0	0	0	0	0	-0.789105145477	0	0	0	0
0.4248906204920	-155406.67661619459977	0	0	0	0	0	109.05164444506	0	0	0	0	0	0	0	0	0	0	0	0	0	-2.251312943880	0	0	0	0
0.5553703044515	-154942.91451895039063	0	0	0	0	0	176.60853194934	0	0	0	0	0	0	0	0	0	0	0	0	0	-5.924456882546	0	0	0	0
0.7259190017171	-154185.35918120923452	0	0	0	0	0	273.17989954769	0	0	0	0	0	0	0	0	0	0	0	0	0	-14.07375076649	0	0	0	0
0.9488415077837	-152980.60194800261525	0	0	0	0	0	396.35429154116	0	0	0	0	0	0	0	0	0	0	0	0	0	-28.61559329108	0	0	0	0
1.2402212984694	-151138.02234376227716	0	0	0	0	0	527.52242534200	0	0	0	0	0	0	0	0	0	0	0	0	0	-49.02654363993	0	0	0	0
1.6210809250640	-148473.05216664916952	0	0	0	0	0	633.58908656172	0	0	0	0	0	0	0	0	0	0	0	0	0	-66.69997074453	0	0	0	0
2.1188987552862	-144871.60136342258193	0	0	0	0	0	688.38987873345	0	0	0	0	0	0	0	0	0	0	0	0	0	-73.11061706387	0	0	0	0
2.7695914903054	-140323.14805950262235	0	0	0	0	0	692.92980275935	0	0	0	0	0	0	0	0	0	0	0	0	0	-70.58838847693	0	0	0	0
3.6201054930233	-134889.79348672312335	0	0	0	0	0	668.21764933208	0	0	0	0	0	0	0	0	0	0	0	0	0	-67.85061024821	0	0	0	0
4.7318038875014	-128649.66061630666081	0	0	0	0	0	629.10469709977	0	0	0	0	0	0	0	0	0	0	0	0	0	-66.27409264295	0	0	0	0
6.1848938029356	-121676.29729256349674	0	0	0	0	0	580.50594940771	0	0	0	0	0	0	0	0	0	0	0	0	0	-62.82793893443	0	0	0	0
8.0842131802276	-114049.10818083868071	0	0	0	0	0	524.99581998601	0	0	0	0	0	0	0	0	0	0	0	0	0	-56.06035862488	0	0	0	0
10.566794649303	-105860.96801854575460	0	0	0	0	0	464.92051671211	0	0	0	0	0	0	0	0	0	0	0	0	0	-45.78439707475	0	0	0	0
13.811752197929	-97222.346142370355665	0	0	0	0	0	403.70999141315	0	0	0	0	0	0	0	0	0	0	0	0	0	-33.36721348692	0	0	0	0
18.053203938205	-88263.382801201558323	0	0	0	0	0	345.38689902350	0	0	0	0	0	0	0	0	0	0	0	0	0	-19.03482736412	0	0	0	0
23.597163326119	-79124.584542710494134	0	0	0	0	0	291.82081670720	0	0	0	0	0	0	0	0	0	0	0	0	0	-8.818084219834	0	0	0	0
30.843617506651	-69967.710829278745223	0	0	0	0	0	245.84753452402	0	0	0	0	0	0	0	0	0	0	0	0	0	-4.159165637153	0	0	0	0
40.315385699075	-60969.907101086639159	0	0	0	0	0	207.46866183762	0	0	0	0	0	0	0	0	0	0	0	0	0	-1.828776150735	0	0	0	0
52.695839705401	-52307.284788408505847	0	0	0	0	0	173.06189337691	0	0	0	0	0	0	0	0	0	0	0	0	0	-0.606174739295	0	0	0	0
68.878208011812	-44151.286059273683350	0	0	0	0	0	141.63715267647	0	0	0	0	0	0	0	0	0	0	0	0	0	-0.114649780790	0	0	0	0
90.030020689322	-36655.173717885067163	0	0	0	0	0	113.75942265412	0	0	0	0	0	0	0	0	0	0	0	0	0	-0.172876491467	0	0	0	0
117.67734468251	-29938.652519683764694	0	0	0	0	0	88.764596834514	0	0	0	0	0	0	0	0	0	0	0	0	0	-0.315318259166	0	0	0	0
153.81488691771	-24076.974153197701526	0	0	0	0	0	66.663518844597	0	0	0	0	0	0	0	0	0	0	0	0	0	-0.429550785065	0	0	0	0
201.04990898068	-19094.168342662400391	0	0	0	0	0	47.774520296541	0	0	0	0	0	0	0	0	0	0	0	0	0	-0.431912750285	0	0	0	0
262.79033656062	-14963.995072563331632	0	0	0	0	0	32.479668323457	0	0	0	0	0	0	0	0	0	0	0	0	0	-0.378806141765	0	0	0	0
343.49063543363	-11618.318072589481744	0	0	0	0	0	20.839042451928	0	0	0	0	0	0	0	0	0	0	0	0	0	-0.289901631587	0	0	0	0
448.97319351535	-8960.7422459622885071	0	0	0	0	0	12.552480786656	0	0	0	0	0	0	0	0	0	0	0	0	0	-0.199211259216	0	0	0	0
586.84839614594	-6881.9179924419468080	0	0	0	0	0	7.0525796141887	0	0	0	0	0	0	0	0	0	0	0	0	0	-0.120078605777	0	0	0	0
767.06370231720	-5273.1867430551355937	0	0	0	0	0	3.6860862635732	0	0	0	0	0	0	0	0	0	0	0	0	0	-0.060772325074	0	0	0	0
1002.6213367485	-4036.2951682409652676	0	0	0	0	0	1.8062576797710	0	0	0	0	0	0	0	0	0	0	0	0	0	-0.026069031281	0	0	0	0
1310.5163780618	-3088.3744010338805310	0	0	0	0	0	0.8436581578162	0	0	0	0	0	0	0	0	0	0	0	0	0	-0.009547680297	0	0	0	0
1712.9629245053	-2362.8354580105205969	0	0	0	0	0	0.3833121309173	0	0	0	0	0	0	0	0	0	0	0	0	0	-0.003021881258	0	0	0	0
2238.9968029773	-1807.7108757759401669	0	0	0	0	0	0.1722153799610	0	0	0	0	0	0	0	0	0	0	0	0	0	-8.564611003e-4	0	0	0	0
2926.5704540514	-1383.0042795681367807	0	0	0	0	0	0.0771515048369	0	0	0	0	0	0	0	0	0	0	0	0	0	-2.290635794e-4	0	0	0	0
3825.2911353591	-1058.0788069841314609	0	0	0	0	0	0.0345493729336	0	0	0	0	0	0	0	0	0	0	0	0	0	-6.019826923e-5	0	0	0	0
5000.0000000000	-809.49189621930747762	0	0	0	0	0	0.0154711985965	0	0	0	0	0	0	0	0	0	0	0	0	0	-1.578046297e-5	0	0	0	0

#dPhi/dr
#radius	l=0,m=0	l=1,m=-1	l=1,m=0	l=1,m=1	l=2,m=-2	l=2,m=-1	l=2,m=0	l=2,m=1	l=2,m=2	l=3,m=-3	l=3,m=-2	l=3,m=-1	l=3,m=0	l=3,m=1	l=3,m=2	l=3,m=3	l=4,m=-4	l=4,m=-3	l=4,m=-2	l=4,m=-1	l=4,m=0	l=4,m=1	l=4,m=2	l=4,m=3	l=4,m=4
0.0100000000000	79.6219244214516379543	0	0	0	0	0	8.5120061750281	0	0	0	0	0	0	0	0	0	0	0	0	0	0.0748287588913	0	0	0	0
0.0130709005487	103.811083395423523257	0	0	0	0	0	11.681646219109	0	0	0	0	0	0	0	0	0	0	0	0	0	0.0969507331628	0	0	0	0
0.0170848441153	135.348914131202917588	0	0	0	0	0	15.993469210353	0	0	0	0	0	0	0	0	0	0	0	0	0	0.1250398889775	0	0	0	0
0.0223314298321	176.467944837301473626	0	0	0	0	0	21.849515130959	0	0	0	0	0	0	0	0	0	0	0	0	0	0.1599799186444	0	0	0	0
0.0291891898445	230.078946260473088614	0	0	0	0	0	29.790867423560	0	0	0	0	0	0	0	0	0	0	0	0	0	0.2017772046184	0	0	0	0
0.0381528997554	299.976981941844712765	0	0	0	0	0	40.545085367947	0	0	0	0	0	0	0	0	0	0	0	0	0	0.2478814095764	0	0	0	0
0.0498692758346	391.110056566441699033	0	0	0	0	0	55.089640510191	0	0	0	0	0	0	0	0	0	0	0	0	0	0.2892535422620	0	0	0	0
0.0651836344869	509.929379750336863708	0	0	0	0	0	74.736708692292	0	0	0	0	0	0	0	0	0	0	0	0	0	0.3013487003888	0	0	0	0
0.0852008803779	664.846040039069066552	0	0	0	0	0	101.24644540392	0	0	0	0	0	0	0	0	0	0	0	0	0	0.2236706320307	0	0	0	0
0.1113652234079	866.820973173286802194	0	0	0	0	0	136.90640054278	0	0	0	0	0	0	0	0	0	0	0	0	0	-0.073681812154	0	0	0	0
0.1455643759746	1129.31152222961645748	0	0	0	0	0	182.82264461590	0	0	0	0	0	0	0	0	0	0	0	0	0	-0.714127434441	0	0	0	0
0.1902657481793	1467.58560518664603478	0	0	0	0	0	240.55215475820	0	0	0	0	0	0	0	0	0	0	0	0	0	-2.088404425491	0	0	0	0
0.2486944672271	1900.85462626935509434	0	0	0	0	0	311.50707892493	0	0	0	0	0	0	0	0	0	0	0	0	0	-4.665637354293	0	0	0	0
0.3250660648130	2450.46829829969738057	0	0	0	0	0	393.82851486802	0	0	0	0	0	0	0	0	0	0	0	0	0	-9.950353464107	0	0	0	0
0.4248906204920	3134.75323982225290820	0	0	0	0	0	478.99437585211	0	0	0	0	0	0	0	0	0	0	0	0	0	-19.88781296627	0	0	0	0
0.5553703044515	3959.51862043328583241	0	0	0	0	0	548.48980477184	0	0	0	0	0	0	0	0	0	0	0	0	0	-37.01042901852	0	0	0	0
0.7259190017171	4895.92479443747379264	0	0	0	0	0	572.75444944295	0	0	0	0	0	0	0	0	0	0	0	0	0	-56.91394802746	0	0	0	0
0.9488415077837	5864.92888391079668509	0	0	0	0	0	519.17835589950	0	0	0	0	0	0	0	0	0	0	0	0	0	-71.61725885003	0	0	0	0
1.2402212984694	6704.60371774595478200	0	0	0	0	0	374.71647433816	0	0	0	0	0	0	0	0	0	0	0	0	0	-63.10112338289	0	0	0	0
1.6210809250640	7193.18509475780501816	0	0	0	0	0	190.97293793047	0	0	0	0	0	0	0	0	0	0	0	0	0	-29.37193126976	0	0	0	0
2.1188987552862	7192.24758185746213712	0	0	0	0	0	47.547695369928	0	0	0	0	0	0	0	0	0	0	0	0	0	-0.910674898757	0	0	0	0
2.7695914903054	6746.86734846596027637	0	0	0	0	0	-18.52622463766	0	0	0	0	0	0	0	0	0	0	0	0	0	4.9711098501007	0	0	0	0
3.6201054930233	6033.30398813792908186	0	0	0	0	0	-34.28590343818	0	0	0	0	0	0	0	0	0	0	0	0	0	1.8020304397112	0	0	0	0
4.7318038875014	5223.50002809494526446	0	0	0	0	0	-34.99151675942	0	0	0	0	0	0	0	0	0	0	0	0	0	1.5860600457807	0	0	0	0
6.1848938029356	4416.02267458303322201	0	0	0	0	0	-31.65990070913	0	0	0	0	0	0	0	0	0	0	0	0	0	3.0670875972118	0	0	0	0
8.0842131802276	3660.34200330984640459	0	0	0	0	0	-26.88841487421	0	0	0	0	0	0	0	0	0	0	0	0	0	3.9417475729068	0	0	0	0
10.566794649303	2980.15199557461437507	0	0	0	0	0	-21.69345754308	0	0	0	0	0	0	0	0	0	0	0	0	0	4.1538733346483	0	0	0	0
13.811752197929	2385.11191718457484967	0	0	0	0	0	-16.29013919816	0	0	0	0	0	0	0	0	0	0	0	0	0	3.5362639213675	0	0	0	0
18.053203938205	1876.57354977944896746	0	0	0	0	0	-11.62553853507	0	0	0	0	0	0	0	0	0	0	0	0	0	2.9657109720560	0	0	0	0
23.597163326119	1452.27554778648345746	0	0	0	0	0	-7.957715235828	0	0	0	0	0	0	0	0	0	0	0	0	0	0.9817896126868	0	0	0	0
30.843617506651	1102.49970476946327835	0	0	0	0	0	-5.048830017017	0	0	0	0	0	0	0	0	0	0	0	0	0	0.4178410933551	0	0	0	0
40.315385699075	820.582578099356624080	0	0	0	0	0	-3.311896706824	0	0	0	0	0	0	0	0	0	0	0	0	0	0.1383928238101	0	0	0	0
52.695839705401	597.850480468976797965	0	0	0	0	0	-2.354207272411	0	0	0	0	0	0	0	0	0	0	0	0	0	0.0704963619182	0	0	0	0
68.878208011812	425.529511224959435367	0	0	0	0	0	-1.598435738377	0	0	0	0	0	0	0	0	0	0	0	0	0	0.0016699563255	0	0	0	0
90.030020689322	295.428083678436735227	0	0	0	0	0	-1.095129932939	0	0	0	0	0	0	0	0	0	0	0	0	0	-0.003800904092	0	0	0	0
117.67734468251	199.828966179215058219	0	0	0	0	0	-0.748305195748	0	0	0	0	0	0	0	0	0	0	0	0	0	-0.005226490567	0	0	0	0
153.81488691771	131.624409062222071043	0	0	0	0	0	-0.499142839035	0	0	0	0	0	0	0	0	0	0	0	0	0	-0.001179949535	0	0	0	0
201.04990898068	84.4740185846399498359	0	0	0	0	0	-0.318424536112	0	0	0	0	0	0	0	0	0	0	0	0	0	5.5585820642e-4	0	0	0	0
262.79033656062	52.9114669204635532651	0	0	0	0	0	-0.190973676951	0	0	0	0	0	0	0	0	0	0	0	0	0	0.0010719558092	0	0	0	0
343.49063543363	32.4387975165478650297	0	0	0	0	0	-0.107493150297	0	0	0	0	0	0	0	0	0	0	0	0	0	0.0010274406805	0	0	0	0
448.97319351535	19.5417499850406706230	0	0	0	0	0	-0.056433926389	0	0	0	0	0	0	0	0	0	0	0	0	0	7.1300558138e-4	0	0	0	0
586.84839614594	11.6205809084650226737	0	0	0	0	0	-0.027512128237	0	0	0	0	0	0	0	0	0	0	0	0	0	4.5155964084e-4	0	0	0	0
767.06370231720	6.85237075517219995646	0	0	0	0	0	-0.012259536497	0	0	0	0	0	0	0	0	0	0	0	0	0	2.2714505623e-4	0	0	0	0
1002.6213367485	4.02217831684769322464	0	0	0	0	0	-0.004981961839	0	0	0	0	0	0	0	0	0	0	0	0	0	8.9789214137e-5	0	0	0	0
1310.5163780618	2.35619505165961218296	0	0	0	0	0	-0.001871168353	0	0	0	0	0	0	0	0	0	0	0	0	0	2.9426899732e-5	0	0	0	0
1712.9629245053	1.37935344188522202025	0	0	0	0	0	-6.656046916e-4	0	0	0	0	0	0	0	0	0	0	0	0	0	7.9935162010e-6	0	0	0	0
2238.9968029773	0.80737395829669100777	0	0	0	0	0	-2.304285533e-4	0	0	0	0	0	0	0	0	0	0	0	0	0	1.8550460611e-6	0	0	0	0
2926.5704540514	0.47256821890176287093	0	0	0	0	0	-7.907820699e-5	0	0	0	0	0	0	0	0	0	0	0	0	0	3.8929931534e-7	0	0	0	0
3825.2911353591	0.27660085688363139633	0	0	0	0	0	-2.709537918e-5	0	0	0	0	0	0	0	0	0	0	0	0	0	7.8654640498e-8	0	0	0	0
5000.0000000000	0.16189837924292427296	0	0	0	0	0	-9.282718745e-6	0	0	0	0	0	0	0	0	0	0	0	0	0	1.5780322548e-8	0	0	0	0
