# radius[Kpc]	v_circ,total[km/s]	disk	bulge	halo
0.01	-1.64978	-1.85031	0.837791
0.0112202	-1.83652	-2.06222	0.938066
0.0125893	-2.042	-2.2963	1.05034
0.0141254	-2.26739	-2.55423	1.17604
0.0158489	-2.51366	-2.83767	1.31677
0.0177828	-2.78149	-3.14807	1.47433
0.0199526	-3.07112	-3.48665	1.65074
0.0223872	-3.38207	-3.85413	1.84823
0.0251189	-3.71286	-4.25059	2.06934
0.0281838	-4.06059	-4.67508	2.31689
0.0316228	-4.4203	-5.12523	2.59403
0.0354813	-4.78411	-5.59665	2.90427
0.0398107	-5.13999	-6.08213	3.25158
0.0446684	-5.46987	-6.57052	3.64037
0.0501187	-5.74668	-7.04522	4.07563
0.0562341	-5.92955	-7.48198	4.56294
0.0630957	-5.9548	-7.84573	5.10842
0.0707946	-5.71615	-8.08578	5.71886
0.0794328	-5.00734	-8.12764	6.40195
0.0891251	-3.22251	-7.85764	7.16645
0.1	3.76299	-7.08516	8.02244
0.112202	7.18085	-5.39472	8.98152
0.125893	10.2354	1.90711	10.0562
0.141254	13.2708	7.0231	11.2601
0.158489	16.327	10.373	12.6085
0.177828	19.3596	13.2467	14.118
0.199526	22.2879	15.7126	15.8071
0.223872	25.0508	17.7309	17.6963
0.251189	27.7144	19.3825	19.8092
0.281838	30.4994	20.943	22.1721
0.316228	33.7403	22.8623	24.8138
0.354813	37.8337	25.6995	27.7655
0.398107	43.0487	29.8066	31.0605
0.446684	49.3891	35.112	34.7337
0.501187	56.7588	41.4071	38.8202
0.562341	65.0549	48.5028	43.3546
0.630957	74.3887	56.5168	48.3687
0.707946	85.0274	65.7694	53.8892
0.794328	97.2873	76.6339	59.9338
0.891251	111.316	89.2703	66.4989
1	127.027	103.567	73.5517
1.12202	144.156	119.231	81.0249
1.25893	162.249	135.786	88.8078
1.41254	180.586	152.49	96.7369
1.58489	198.183	168.331	104.6
1.77828	213.797	181.983	112.211
1.99526	226.134	192.029	119.42
2.23872	234.455	197.649	126.11
2.51189	239.001	199.096	132.222
2.81838	240.406	197.013	137.772
3.16228	239.816	192.63	142.847
3.54813	238.572	187.499	147.515
3.98107	237.393	182.483	151.841
4.46684	236.54	177.908	155.885
5.01187	236.063	173.857	159.686
5.62341	235.75	170.085	163.246
6.30957	235.418	166.382	166.55
7.07946	234.914	162.538	169.605
7.94328	234.153	158.429	172.418
8.91251	233.108	154.01	174.986
10	231.761	149.257	177.301
11.2202	230.108	144.167	179.347
12.5893	228.174	138.78	181.118
14.1254	226.012	133.169	182.613
15.8489	223.659	127.398	183.829
17.7828	221.1	121.445	184.76
19.9526	218.338	115.331	185.393
22.3872	215.394	109.11	185.714
25.1189	212.333	102.932	185.716
28.1838	209.265	97.0593	185.395
31.6228	205.903	90.9053	184.749
35.4813	202.484	85.0071	183.776
39.8107	199.12	79.6989	182.474
44.6684	195.71	74.8252	180.841
50.1187	192.028	69.8754	178.864
56.2341	188.411	65.8395	176.533
63.0957	184.592	62.0627	173.846
70.7946	180.557	58.5215	170.811
79.4328	176.305	55.1964	167.442
89.1251	171.839	52.0704	163.76
100	167.158	49.1291	159.776
